error(train): 0.070000
error(test): 0.257732