error(train): 0.085000
error(test): 0.257732