error(train): 0.080000
error(test): 0.247423