error(train): 0.125000
error(test): 0.257732